AFO_bottom_location=[0, 0, 0]
AFO_cylinder_radius=0.05
AFO_height=0.08
AFO_botom_location_angle=[14, 101, 259, 346]
AFO_stripe_orientations=[-40, 0, 0, 50]
Platform_inclination=[25.0, 0.0, 0.0]
AFO_Fmagnitude=2
AFO_FLrelationship_one=[[1, 1.016, 1.032, 1.047, 1.063, 1.082, 1.097, 1.113, 1.129, 1.145, 1.161, 1.176, 1.192, 1.208, 1.224, 1.239, 1.255, 1.274, 1.289, 1.305, 1.321, 1.337, 1.353, 1.368, 1.384, 1.4, 1.416, 1.432, 1.447, 1.463, 1.5, 1.526, 1.55, 1.576, 1.6, 1.7, 1.8, 1.9, 2],[0, 0.013, 0.016, 0.022, 0.028, 0.034, 0.041, 0.047, 0.053, 0.063, 0.069, 0.078, 0.091, 0.1, 0.116, 0.128, 0.144, 0.166, 0.188, 0.209, 0.241, 0.278, 0.316, 0.375, 0.453, 0.572, 0.738, 0.953, 1.213, 1.459, 1.831, 1.831, 1.822, 1.822, 1.806, 1.869, 1.925, 1.897, 1.944]]
AFO_FLrelationship_two=[[1, 1.016, 1.032, 1.047, 1.063, 1.082, 1.097, 1.113, 1.129, 1.145, 1.161, 1.176, 1.192, 1.208, 1.224, 1.239, 1.255, 1.274, 1.289, 1.305, 1.321, 1.337, 1.353, 1.368, 1.384, 1.4, 1.416, 1.432, 1.447, 1.463, 1.5, 1.526, 1.55, 1.576, 1.6, 1.7, 1.8, 1.9, 2],[0, 0.013, 0.016, 0.022, 0.028, 0.034, 0.041, 0.047, 0.053, 0.063, 0.069, 0.078, 0.091, 0.1, 0.116, 0.128, 0.144, 0.166, 0.188, 0.209, 0.241, 0.278, 0.316, 0.375, 0.453, 0.572, 0.738, 0.953, 1.213, 1.459, 1.831, 1.831, 1.822, 1.822, 1.806, 1.869, 1.925, 1.897, 1.944]]
AFO_FLrelationship_three=[[1, 1.016, 1.032, 1.047, 1.063, 1.082, 1.097, 1.113, 1.129, 1.145, 1.161, 1.176, 1.192, 1.208, 1.224, 1.239, 1.255, 1.274, 1.289, 1.305, 1.321, 1.337, 1.353, 1.368, 1.384, 1.4, 1.416, 1.432, 1.447, 1.463, 1.5, 1.526, 1.55, 1.576, 1.6, 1.7, 1.8, 1.9, 2],[0, 0.013, 0.016, 0.022, 0.028, 0.034, 0.041, 0.047, 0.053, 0.063, 0.069, 0.078, 0.091, 0.1, 0.116, 0.128, 0.144, 0.166, 0.188, 0.209, 0.241, 0.278, 0.316, 0.375, 0.453, 0.572, 0.738, 0.953, 1.213, 1.459, 1.831, 1.831, 1.822, 1.822, 1.806, 1.869, 1.925, 1.897, 1.944]]
AFO_FLrelationship_four=[[1, 1.016, 1.032, 1.047, 1.063, 1.082, 1.097, 1.113, 1.129, 1.145, 1.161, 1.176, 1.192, 1.208, 1.224, 1.239, 1.255, 1.274, 1.289, 1.305, 1.321, 1.337, 1.353, 1.368, 1.384, 1.4, 1.416, 1.432, 1.447, 1.463, 1.5, 1.526, 1.55, 1.576, 1.6, 1.7, 1.8, 1.9, 2],[0, 0.013, 0.016, 0.022, 0.028, 0.034, 0.041, 0.047, 0.053, 0.063, 0.069, 0.078, 0.091, 0.1, 0.116, 0.128, 0.144, 0.166, 0.188, 0.209, 0.241, 0.278, 0.316, 0.375, 0.453, 0.572, 0.738, 0.953, 1.213, 1.459, 1.831, 1.831, 1.822, 1.822, 1.806, 1.869, 1.925, 1.897, 1.944]]